110
40
107
141
126
4
222
215
97
92
181
143
31
82
88
59
21
29
72
189
209
4
102
191
139
0
70
77
113
80
39
182
181
66
108
95
217
76
152
103
61
40
194
104
220
113
157
99
203
144
78
80
98
97
210
87
31
158
117
110
206
130
189
143
19
206
108
67
200
170
43
211
44
96
173
200
146
211
38
163
216
149
165
88
29
86
13
37
178
162
17
136
149
28
159
207
138
195
55
103
110
163
8
81
81
104
30
57
77
53
132
211
87
20
183
183
223
40
68
216
19
42
51
16
55
219
24
187
163
32
91
207
54
35
192
8
119
111
166
191
130
186
166
194
212
213
102
186
89
36
59
86
79
99
142
86
53
212
34
96
116
165
86
101
56
29
77
142
107
20
213
14
170
189
20
195
217
104
185
0
30
79
50
137
99
122
35
35
146
69
106
26
34
142
128
77
178
66
82
192
136
166
12
28
126
193
81
178
111
86
29
142
43
140
176
40
79
209
176
130
115
69
47
135
142
20
212
162
138
31
206
208
213
6
61
73
224
66
100
16
72
14
126
142
154
192
108
139
155
178
58
119
179
213
32
195
220
162
54
129
217
65
98
18
130
34
87
118
29
89
216
34
81
183
96
77
187
23
180
178
88
173
96
155
146
61
32
173
218
65
179
141
86
115
44
41
135
206
117
200
88
140
157
12
128
176
132
44
88
107
156
24
113
217
141
114
19
72
34
216
107
72
84
181
131
47
211
91
142
135
35
23
164
221
159
174
44
106
127
126
128
13
132
164
107
110
196
171
63
30
218
113
66
91
60
83
206
91
197
103
163
148
199
198
193
53
206
12
91
71
143
182
131
79
195
61
77
95
214
62
92
171
49
136
152
163
219
214
113
174
143
102
4
36
168
76
177
42
140
78
180
114
61
55
154
180
35
169
200
107
217
104
123
47
184
139
221
199
151
202
123
189
127
64
168
214
132
55
51
212
99
196
14
202
209
36
118
68
56
161
72
136
176
117
172
62
37
58
164
218
222
110
164
34
102
98
200
91
27
146
161
56
114
58
148
134
56
44
92
190
138
112
206
181
224
47
184
167
54
189
29
219
121
180
114
206
53
74
162
197
58
69
35
7
163
183
125
123
82
156
146
81
22
136
194
79
139
63
32
85
129
175
54
37
199
107
34
165
155
2
214
199
205
222
27
195
152
161
7
82
44
50
201
93
68
117
133
177
51
184
203
23
120
105
174
85
146
79
183
19
185
108
155
135
224
201
94
198
139
46
36
51
20
118
123
101
44
32
79
17
7
89
117
104
120
160
158
185
196
141
213
153
96
67
83
39
161
49
31
66
200
99
183
138
154
79
136
220
108
81
91
164
151
122
28
99
101
58
84
173
144
134
80
224
162
184
153
71
44
95
50
7
118
221
145
163
168
103
158
89
6
145
101
178
131
220
70
109
83
110
206
84
80
84
39
155
208
208
220
73
209
153
207
12
113
83
165
219
175
221
134
21
130
23
136
223
53
177
30
108
116
222
153
39
156
192
147
14
203
61
17
162
54
203
191
11
145
24
222
145
223
13
80
193
88
201
22
22
72
44
54
124
59
56
106
80
215
214
176
199
31
47
223
81
154
34
189
19
189
191
94
145
60
176
10
218
28
57
65
104
83
113
87
180
137
175
184
117
212
53
211
144
182
218
54
28
132
190
65
130
88
65
99
26
87
207
74
164
162
103
88
60
54
141
105
199
117
68
54
93
174
136
46
67
65
73
182
166
69
91
87
159
46
92
162
18
214
203
114
189
10
161
207
176
136
136
200
95
10
39
12
148
95
223
87
156
142
32
87
110
41
19
37
117
94
17
219
31
33
138
158
206
155
108
132
163
150
66
21
44
152
100
118
26
218
16
151
180
125
116
156
37
49
196
119
115
137
144
172
35
157
159
192
211
63
121
81
201
95
120
179
7
187
70
188
124
202
207
159
169
0
99
158
68
42
131
31
36
194
196
79
160
193
14
12
155
220
136
36
187
56
18
155
195
208
111
10
87
101
61
73
129
7
145
18
26
48
44
101
111
135
216
124
35
54
153
145
148
44
123
54
151
4
110
31
58
179
197
79
201
106
26
74
112
109
164
137
36
111
77
219
68